기간 최근 31일 · 장비당 최대 400개 Report · 2026-09-19 22:28
================================================================================================
장비               검사      라이브     백업복구      못찾음       지금INI     복구INI
------------------------------------------------------------------------------------------------
AOI-1           275      273        0        2        3157         0
AOI-2           326       54      258       14         801      4974
AOI-3            35       33        0        2         428         0
AOI-4           104        0      102        2           0      1165
AOI-5           329        1      315       13          50      5179
AOI-6           137      107       26        4        1560       407
AOI-7           336        0      332        4           0      4465
AOI-8           366      167      193        6        2502      2421
AOI-9           379      313       55       11        3837       549
AOI-10          342      323        0       19        4482         0
AOI-11           76       76        0        0         999         0
AOI-12          323       45      276        2         671      4973
AOI-13            0        0        0        0           0         0
AOI-14          329       91      223       15        1804      3905
AOI-15          169      135       10       24        1766       151
AOI-16          303      135       39      129        1291       608
AOI-17           31       16       11        4         112       222
AOI-18           74       49        0       25         368         0
AOI-19            0        0        0        0           0         0
AOI-20           54       10        0       44          81         0
AOI-21            5        0        0        5           0         0
AOI-22           58       24        0       34         141         0
AOI-23           18        0        0       18           0         0
AOI-24            0        0        0        0           0         0
AOI-25            0        0        0        0           0         0
4F-AOI-01        22        0        0       22           0         0
4F-AOI-02        16        0        0       16           0         0
4F-AOI-03         0        0        0        0           0         0
4F-AOI-04         0        0        0        0           0         0
4F-AOI-05         0        0        0        0           0         0
------------------------------------------------------------------------------------------------
합계             4107     1852     1840      415       24050     29019

백업에서 추가로 찾은 Lot 폴더: 1840개 (44.8%)
추가로 읽게 될 WaferInfo.ini: 29019개 → 전체 24050개 중 120.7% 증가
이름 형식이 달라 건너뛴 Report: 11156개